       b            f     
 b0     :15   f0     : 8  
 b1     :15   f1     : 8  
 b2     :15   f10    : 8  
 b3     :15   f11    : 8  
 b4     :15   f12    : 8  
 b5     :15   f13    : 8  
 (Other):30   (Other):72  
$b0
 [1] 1.67e-01 2.59e-01 5.56e-01 2.59e+05 1.27e+02 1.69e+01 4.49e+04 1.82e-01
 [9] 6.00e-02 3.32e-01 9.90e-02 4.48e-02 2.77e-01 3.78e-01 1.72e-01

$b1
 [1] 1.060 0.847 0.588 0.256 0.956 0.916 0.797 0.856 1.380 0.838 1.130 1.200
[13] 1.670 2.190 1.210

$b2
 [1]   0.1120   1.5300   1.2800 223.0000  98.1000 432.0000  64.1000   0.3680
 [9]   0.2700  12.2000   0.0959   0.2090   0.4790   0.5190   0.0198

$b3
 [1] 1.55e-02 3.84e-01 5.90e-01 1.85e+05 3.18e+03 6.45e+02 4.36e+02 5.45e-02
 [9] 8.94e-02 1.72e-01 9.98e-01 5.23e-02 3.39e-01 4.28e-01 1.74e+00

$b4
 [1]   0.0347   0.1230   0.3010 387.0000   1.5600   0.1250  12.1000   0.0357
 [9]   0.2070   0.1470   0.0628   0.0748   0.3760   0.4860   0.1470

$b5
 [1] 1.45e-01 5.32e-01 1.45e+00 7.99e+08 3.30e+02 6.15e+00 1.09e+03 1.18e-01
 [9] 1.27e-01 2.53e-01 4.64e-01 2.19e-02 2.83e-01 2.90e-01 6.93e-02

$b6
 [1] 0.017400 0.142000 0.328000 0.478000 0.004450 0.082700 0.000758 0.044800
 [9] 0.185000 0.159000 0.045100 0.066600 0.349000 0.434000 0.117000

$b7
 [1] 2.24e-02 1.23e-01 2.99e-01 5.09e+04 6.64e-02 1.88e-01 1.55e-02 4.87e-02
 [9] 1.87e-01 1.36e-01 5.29e-02 7.41e-02 3.46e-01 3.35e-01 1.02e-01

          b f      Average
f0  2.44949 0 3.168738e-01
f1  2.44949 0 5.565735e-01
f10 2.44949 0 4.326150e-01
f11 2.44949 0 9.415472e+07
f12 2.44949 0 3.676144e+02
f13 2.44949 0 8.509901e+01
f14 2.44949 0 5.266269e+03
f2  2.44949 0 4.102949e-01
f3  2.44949 0 3.387150e-01
f4  2.44949 0 1.884618e+00
f5  2.44949 0 4.693101e-01
f6  2.44949 0 3.365384e-01
f7  2.44949 0 3.421751e-01
f8  2.44949 0 3.228533e-01
f9  2.44949 0 6.411442e-01
                      Intercept         Slope   ICerror SLerror   r.squared
B2.b2.g1.r1.u3.y1     0.9841256    -7.9285714 0.5868865  0.1070 -0.14991744
B3.b3.g1.r1.u3.y1     0.8530809   -63.5161290 0.8836163  0.1420 -0.28453098
B7.b4.g1.r1.u3.y1     0.9609438   -27.8184438 0.7387415  0.1260 -0.22024019
B4.b5.g1.r1.u3.y1     0.7740688    -5.8965517 0.8403541  0.1180 -0.25883231
B5.b6.g1.r1.u3.y1     0.8702063   -56.4712644 0.7132097  0.1180 -0.20335512
B6.b7.g1.r1.u3.y1     0.4879982   -43.6428571 0.6701003  0.1050 -0.16696793
B7.b4.f1.g1.r1.u3.y1  1.1420730    -7.1300813 0.8222321  0.1250 -0.27249354
B5.b6.f1.g1.r1.u3.y1  1.0313254    -6.0422535 0.7958752  0.1170 -0.25235425
B6.b7.f1.g1.r1.u3.y1  0.6144366    -7.1300813 0.7657177  0.1070 -0.21512490
B6.b7.f10.g1.r1.u3.y1 0.8732111    -2.3444816 0.8006092  0.1010 -0.24544097
B5.b6.f12.g1.r1.u3.y1 1.1065562  -223.7191011 0.7404013  0.1240 -0.22898975
B6.b7.f12.g1.r1.u3.y1 0.6496476   -14.0602410 0.6055211  0.1010 -0.14560238
B7.b4.f13.g1.r1.u3.y1 0.9255457    -7.0000000 0.7591882  0.1400 -0.22826642
B5.b6.f13.g1.r1.u3.y1 1.0615945   -11.0918984 0.7855981  0.1430 -0.24902172
B6.b7.f13.g1.r1.u3.y1 0.5114243    -4.3191489 0.7459025  0.1370 -0.20117895
B5.b6.f14.g1.r1.u3.y1 1.0241877 -1318.2612137 0.6583619  0.1090 -0.18468546
B6.b7.f14.g1.r1.u3.y1 0.6477096   -63.5161290 0.6306263  0.1000 -0.15624823
B3.b3.f2.g1.r1.u3.y1  0.9121528   -17.3486239 0.7455192  0.1160 -0.22093361
B7.b4.f2.g1.r1.u3.y1  0.9838568   -27.0112045 0.7960752  0.1280 -0.24964141
B4.b5.f2.g1.r1.u3.y1  0.3317193    -7.4745763 0.7968335  0.1070 -0.21521285
B5.b6.f2.g1.r1.u3.y1  0.8488987   -21.3214286 0.7636581  0.1190 -0.22628392
B2.b2.f3.g1.r1.u3.y1  1.1784144    -2.7037037 0.5164129  0.1100 -0.12562364
B3.b3.f3.g1.r1.u3.y1  2.1956046   -10.1856823 0.6827697  0.1270 -0.26638182
B7.b4.f3.g1.r1.u3.y1  0.8241285    -3.8309179 0.6804342  0.1320 -0.18585831
B4.b5.f3.g1.r1.u3.y1  0.2277887    -6.8740157 0.6118692  0.1020 -0.13389569
B5.b6.f3.g1.r1.u3.y1  0.7361951    -4.4054054 0.6501025  0.1220 -0.16829770
B6.b7.f3.g1.r1.u3.y1  0.3738784    -4.3475936 0.6218524  0.1110 -0.14267090
B3.b3.f4.g1.r1.u3.y1  1.0718546    -4.8139535 0.8008471  0.1150 -0.25728497
B7.b4.f4.g1.r1.u3.y1  1.1181689    -5.8027211 0.8387438  0.1250 -0.27934231
B4.b5.f4.g1.r1.u3.y1  0.5552250    -2.9525692 0.8628586  0.1080 -0.25675734
B5.b6.f4.g1.r1.u3.y1  0.9889102    -5.2893082 0.8122167  0.1170 -0.25793082
B6.b7.f4.g1.r1.u3.y1  0.5465539    -6.3529412 0.7907373  0.1080 -0.22314157
B2.b2.f5.g1.r1.u3.y1  1.3780731    -9.4275287 0.5575953  0.1060 -0.15190015
B7.b4.f5.g1.r1.u3.y1  0.9378696   -14.9235669 0.7415559  0.1300 -0.22038073
B5.b6.f5.g1.r1.u3.y1  0.8340435   -21.1729490 0.7098803  0.1200 -0.20002345
B6.b7.f5.g1.r1.u3.y1  0.4546664   -17.9035917 0.6788042  0.1090 -0.16935846
B2.b2.f6.g1.r1.u3.y1  0.7880170    -3.7846890 0.5665999  0.1090 -0.13401432
B3.b3.f6.g1.r1.u3.y1  0.8327783   -18.1204589 0.7007054  0.1190 -0.19567006
B7.b4.f6.g1.r1.u3.y1  0.8608390   -12.3689840 0.7505921  0.1310 -0.22066366
B4.b5.f6.g1.r1.u3.y1  0.0956617   -44.6621005 0.6947558  0.1030 -0.16211717
B5.b6.f6.g1.r1.u3.y1  0.7261604   -14.0150150 0.7129633  0.1210 -0.19631430
B6.b7.f6.g1.r1.u3.y1  0.3342933   -12.4952767 0.6932724  0.1120 -0.17068032
B2.b2.f7.g1.r1.u3.y1  0.8471857    -1.0876827 0.4819242  0.1140 -0.10151833
B3.b3.f7.g1.r1.u3.y1  0.7641960    -1.9498525 0.5699695  0.1210 -0.13462270
B7.b4.f7.g1.r1.u3.y1  0.7434059    -1.6595745 0.6234535  0.1360 -0.15682270
B4.b5.f7.g1.r1.u3.y1  0.1037827    -2.5335689 0.5596504  0.1040 -0.11077489
B5.b6.f7.g1.r1.u3.y1  0.6731991    -1.8653295 0.5935092  0.1260 -0.14137435
B6.b7.f7.g1.r1.u3.y1  0.3279144    -1.8901734 0.5681744  0.1140 -0.12015466
f8.g1.r1.u3.y1        2.2280102    -1.6455026 0.6626193  0.1860 -0.25622778
B2.b2.f8.g1.r1.u3.y1  1.3843973    -0.9267823 0.4156908  0.1090 -0.08926705
B3.b3.f8.g1.r1.u3.y1  1.1712180    -1.3364486 0.4115095  0.0983 -0.08259071
B7.b4.f8.g1.r1.u3.y1  1.0706031    -1.0576132 0.4422267  0.1080 -0.09190429
B4.b5.f8.g1.r1.u3.y1  0.9052462    -2.4482759 0.4557521  0.0948 -0.09299165
B5.b6.f8.g1.r1.u3.y1  1.1237654    -1.3041475 0.4655037  0.1110 -0.10249136
B6.b7.f8.g1.r1.u3.y1  1.0554229    -1.9850746 0.4371397  0.0961 -0.08958439
B7.b4.f9.g1.r1.u3.y1  0.9337358    -5.8027211 0.6377201  0.1200 -0.17099448
B4.b5.f9.g1.r1.u3.y1  0.3459323   -13.4300144 0.6013639  0.0963 -0.13356704
B5.b6.f9.g1.r1.u3.y1  0.9147990    -7.5470085 0.6241452  0.1140 -0.16398705
B6.b7.f9.g1.r1.u3.y1  0.6076637    -8.8039216 0.5628342  0.0962 -0.12655877
                      adj.r.squared       RMSD   MAD  b   f     Average
B2.b2.g1.r1.u3.y1       -0.15780783 -1.2357583 1.710 b2  f0  0.31277259
B3.b3.g1.r1.u3.y1       -0.29950630 -1.7024416 1.280 b3  f0  0.18969153
B7.b4.g1.r1.u3.y1       -0.23183178 -1.4978066 1.400 b4  f0  0.25460401
B4.b5.g1.r1.u3.y1       -0.27245506 -1.6237408 1.010 b5  f0  0.21553791
B5.b6.g1.r1.u3.y1       -0.21405802 -1.4392459 1.270 b6  f0  0.22451609
B6.b7.g1.r1.u3.y1       -0.17575571 -1.3041393 0.987 b7  f0  0.11154750
B7.b4.f1.g1.r1.u3.y1    -0.28683531 -1.6660405 1.350 b4  f1  0.32607923
B5.b6.f1.g1.r1.u3.y1    -0.26563605 -1.6032925 1.200 b6  f1  0.30256312
B6.b7.f1.g1.r1.u3.y1    -0.22644726 -1.4803104 1.040 b7  f1  0.17032978
B6.b7.f10.g1.r1.u3.y1   -0.25835891 -1.5811788 1.280 b7 f10  0.30461740
B5.b6.f12.g1.r1.u3.y1   -0.24104184 -1.5272687 1.410 b6 f12  0.28998812
B6.b7.f12.g1.r1.u3.y1   -0.15326566 -1.2178441 1.210 b7 f12  0.18759398
B7.b4.f13.g1.r1.u3.y1   -0.24028044 -1.5248547 1.640 b4 f13  0.27008842
B5.b6.f13.g1.r1.u3.y1   -0.26212813 -1.5926710 1.650 b6 f13  0.29405546
B6.b7.f13.g1.r1.u3.y1   -0.21176732 -1.4315243 1.610 b7 f13  0.16255233
B5.b6.f14.g1.r1.u3.y1   -0.19440575 -1.3715884 1.270 b6 f14  0.27684665
B6.b7.f14.g1.r1.u3.y1   -0.16447182 -1.2615806 1.060 b7 f14  0.16624593
B3.b3.f2.g1.r1.u3.y1    -0.23256170 -1.5001626 1.200 b3  f2  0.24469703
B7.b4.f2.g1.r1.u3.y1    -0.26278043 -1.5946514 1.340 b4  f2  0.25225879
B4.b5.f2.g1.r1.u3.y1    -0.22653985 -1.4806130 1.050 b5  f2  0.07439315
B5.b6.f2.g1.r1.u3.y1    -0.23819360 -1.5182185 1.170 b6  f2  0.21850170
B2.b2.f3.g1.r1.u3.y1    -0.13223541 -1.1312097 2.360 b2  f3  0.43872633
B3.b3.f3.g1.r1.u3.y1    -0.28040192 -1.6472509 1.960 b3  f3  0.66820089
B7.b4.f3.g1.r1.u3.y1    -0.19564032 -1.3759366 1.890 b4  f3  0.27849606
B4.b5.f3.g1.r1.u3.y1    -0.14094283 -1.1678599 1.140 b5  f3  0.07128196
B5.b6.f3.g1.r1.u3.y1    -0.17715547 -1.3093222 1.760 b6  f3  0.24801321
B6.b7.f3.g1.r1.u3.y1    -0.15017989 -1.2055220 1.490 b7  f3  0.13689950
B3.b3.f4.g1.r1.u3.y1    -0.27082628 -1.6188800 1.240 b3  f4  0.32434277
B7.b4.f4.g1.r1.u3.y1    -0.29404454 -1.6868475 1.370 b4  f4  0.32370812
B4.b5.f4.g1.r1.u3.y1    -0.27027089 -1.6172192 1.340 b5  f4  0.17931804
B5.b6.f4.g1.r1.u3.y1    -0.27150613 -1.6209106 1.210 b6  f4  0.29213469
B6.b7.f4.g1.r1.u3.y1    -0.23488587 -1.5076401 1.080 b7  f4  0.14922268
B2.b2.f5.g1.r1.u3.y1    -0.15989489 -1.2439031 1.980 b2  f5  0.43802607
B7.b4.f5.g1.r1.u3.y1    -0.23197971 -1.4982844 1.480 b4  f5  0.25622996
B5.b6.f5.g1.r1.u3.y1    -0.21055100 -1.4274073 1.340 b6  f5  0.22286417
B6.b7.f5.g1.r1.u3.y1    -0.17827207 -1.3134420 1.060 b7  f5  0.10976478
B2.b2.f6.g1.r1.u3.y1    -0.14106771 -1.1683771 1.910 b2  f6  0.28531643
B3.b3.f6.g1.r1.u3.y1    -0.20596848 -1.4117885 1.350 b3  f6  0.22636994
B7.b4.f6.g1.r1.u3.y1    -0.23227754 -1.4992459 1.460 b4  f6  0.23445382
B4.b5.f6.g1.r1.u3.y1    -0.17064965 -1.2850557 0.913 b5  f6 -0.01769598
B5.b6.f6.g1.r1.u3.y1    -0.20664663 -1.4141107 1.330 b6  f6  0.19537126
B6.b7.f6.g1.r1.u3.y1    -0.17966349 -1.3185578 1.060 b7  f6  0.07624327
B2.b2.f7.g1.r1.u3.y1    -0.10686140 -1.0169033 2.640 b2  f7  0.40644143
B3.b3.f7.g1.r1.u3.y1    -0.14170810 -1.1710262 2.220 b3  f7  0.32049597
B7.b4.f7.g1.r1.u3.y1    -0.16507653 -1.2638977 2.300 b4  f7  0.31810979
B4.b5.f7.g1.r1.u3.y1    -0.11660515 -1.0622534 1.580 b5  f7  0.09005918
B5.b6.f7.g1.r1.u3.y1    -0.14881511 -1.2000318 2.190 b6  f7  0.29112800
B6.b7.f7.g1.r1.u3.y1    -0.12647859 -1.1063123 1.950 b7  f7  0.18247860
f8.g1.r1.u3.y1          -0.26971345 -1.6155506 3.370 b0  f8  0.77876558
B2.b2.f8.g1.r1.u3.y1    -0.09396531 -0.9535710 3.100 b2  f8  0.60314400
B3.b3.f8.g1.r1.u3.y1    -0.08693759 -0.9172190 2.740 b3  f8  0.50409347
B7.b4.f8.g1.r1.u3.y1    -0.09674136 -0.9675543 2.810 b4  f8  0.48662058
B4.b5.f8.g1.r1.u3.y1    -0.09788595 -0.9732612 2.140 b5  f8  0.36578675
B5.b6.f8.g1.r1.u3.y1    -0.10788565 -1.0217651 2.720 b6  f8  0.48329325
B6.b7.f8.g1.r1.u3.y1    -0.09429936 -0.9552644 2.400 b7  f8  0.43204118
B7.b4.f9.g1.r1.u3.y1    -0.17999419 -1.3197707 1.780 b4  f9  0.30024720
B4.b5.f9.g1.r1.u3.y1    -0.14059689 -1.1664258 0.995 b5  f9  0.09154514
B5.b6.f9.g1.r1.u3.y1    -0.17261794 -1.2924454 1.670 b6  f9  0.28639369
B6.b7.f9.g1.r1.u3.y1    -0.13321975 -1.1354122 1.340 b7  f9  0.19214798
